885369197734
885369253690
885369266782
885369324574
885369330056
885369376856
885369376948
885369385308
885369503641
885369884252
885369884269
885369926518
885369926525
885369926532
885369926549
885369926556
885369926563
885369926570
885369926587
885369926594
885369926600
885369926617
885369926624
885369926631
885369926648
885369926655
885369926662
885369926679
885369926686
885369926693
885369926709
885369926716
885369926723
885369926730
885369926747
885369926754
885369926761
885369926778
885369926785
885369926792
885369926808
885369926815
885369926822
885369926839
885369926846
885369926853
885369926860
885369926877
885369926884
885369926891
885369926907
885369926914
885369926921
885369926938
